-3.5677
-4.0258
-3.0593
-1.9862
0.27468
1.1924
-3.5482
-1.3568
-1.7766
-0.37788
-1.7823
-0.71599
-1.9946
-4.2577
-2.0938
-2.0742
-2.8356
-3.4837
-2.7786
-3.1656
-2.6818
-3.7723
-1.9904
-3.7926
-1.6396
-4.3962
-0.92253
-4.4502
-3.0956
-1.8745
-2.4314
-1.5755
-1.2133
-1.712
-2.316
-1.3701
-1.9174
-0.70491
-3.6782
-3.9207
-4.1712
-3.0996
-5.2609
-2.6564
-3.1148
-1.9113
-1.4737
-1.2895
-1.2068
0.13999
-1.1733
-0.90825
-1.869
-3.3813
-2.6743
-4.0696
-4.8071
-0.97968
-1.9881
-1.3507
-1.3053
-2.8035
-3.1978
-4.238
-3.1143
-1.879
-0.72542
-1.0696
-1.3846
-3.6424
-3.278
-3.1057
0.094202
-2.9835
-2.0684
-1.5917
-0.51336
-1.7397
-2.6992
-4.9483
-3.5863
-4.4682
1.2208
-1.9132
-2.5093
-3.7176
-1.2359
-1.7619
-2.9423
-2.112
-1.0684
-3.5568
-1.8688
-2.5006
-0.62665
-2.4661
-2.0647
-3.1263
-4.5417
-1.4194
-2.9641
-2.694
1.322
-0.31684
-3.6822
-1.9603
-3.1243
-2.563
-1.6673
-3.2321
-3.7784
-0.22324
-2.8625
-0.65385
-1.0651
-3.0017
-2.1877
-3.7086
-5.0562
-2.442
-2.5407
-2.1241
-4.929
-3.2056
-1.9537
-2.7545
-2.4254
-1.823
-2.2847
-0.8006
-2.8166
0.47033
-2.5053
-2.2891
-5.2894
-3.0112
-2.477
-2.135
-2.8178
-3.5081
-1.8756
1.7153
-2.3465
1.2872
-0.34427
-2.989
-1.8172
-1.0535
-3.6448
-3.1572
-2.7812
-0.15664
-1.7009
-2.998
-3.0759
-4.7983
-3.8734
-4.0629
-1.4081
-1.6277
1.5611
-3.5384
-3.8788
-1.5357
-2.3772
-1.9236
-0.8657
-3.3396
-1.8197
-2.322
-3.7629
-6.0107
-4.0423
-4.9001
6.288
-5.5535
-2.1541
-2.5912
-1.3274
-0.94901
-2.5776
-3.9314
-5.7743
-1.9151
-2.2039
-2.1313
-2.4387
-1.8302
-3.4212
-1.9219
-3.6942
-3.3695
-6.7634
-2.5778
-2.2455
-2.4852
-4.708
-1.1407
-1.7115
-1.4178
-1.8787
-2.2826
-4.4984
-2.6093
-1.0543
-5.6596
-5.1183
-1.9016
-2.2017
-2.219
-4.6943
-3.0395
-1.1034
2.3459
2.1041
-1.9446
-2.5602
-3.6625
-1.849
-1.2009
-4.5442
-2.482
-2.7331
-1.8594
-3.0351
-1.9379
-1.2721
-1.3553
-5.1027
-2.8477
-2.3289
-3.9861
-4.2636
-2.0193
-2.058
-1.7552
0.26398
-5.3542
-1.9586
-2.5609
-2.1139
-1.9945
-0.048955
-3.776
-1.8106
-3.5838
-1.3114
-2.4679
-2.3067
-3.493
-3.2381
3.0751
-1.4439
0.51309
-2.349
-3.9411
-3.4322
-0.92808
-2.486
-1.776
0.73506
3.4089
-3.6999
-2.9536
-3.0059
-3.4234
-3.2091
-2.1024
-1.4309
-3.1578
-3.657
-0.28848
-4.0008
-4.2712
-2.6744
-2.0411
-3.0389
-3.4513
-3.6673
-3.2778
-3.2273
-1.3766
-3.1709
-3.172
-2.5219
-3.1062
-0.50972
-1.6699
-6.5787
0.17173
-4.184
-1.598
-5.0421
-4.0535
-1.878
-0.85099
-1.3153
-2.0303
-1.5849
-5.8714
-1.9755
2.8975
-4.6111
-3.6352
-3.9506
-3.4357
-0.58909
-1.4886
-4.1128
-4.1117
-3.9776
-5.2468
-3.6658
-2.4924
-2.5568
-2.6523
-1.2373
-1.9813
-3.8218
-3.0598
-1.7979
-2.6215
-1.2591
-5.3039
-0.31337
-2.4329
-2.7609
-5.2666
-5.321
-3.4778
-1.9935
-1.1771
-2.8904
-0.99876
0.51752
-2.113
-2.4827
-1.0008
-3.0981
0.32099
-2.9477
-1.4855
-1.4487
-6.1594
-3.3248
-0.89006
-0.95254
-3.2217
0.4983
-1.5129
-4.515
-2.3306
-1.8417
-1.6738
0.15897
-1.8627
-5.3862
0.56102
-5.4718
-5.6945
-3.4846
-1.4639
-4.7772
-3.0554
-0.19104
-2.2019
3.4442
-2.1443
-0.37247
-4.3702
-2.034
-1.0861
-1.813
-2.5549
-6.0028
-1.2744
-0.91022
-3.4107
-2.3386
-3.445
0.026343
-1.3402
-2.5271
-2.2294
-6.6984
-3.5012
-4.1218
-2.9272
-2.1348
0.50569
-2.6047
-2.4953
-2.6183
-1.2658
-3.7802
-2.9437
-1.8858
-2.2955
-2.0262
-7.3667
-4.7266
-2.9854
-1.784
-4.0177
-3.1473
-2.6526
-1.4117
4.1074
-3.0438
-1.4777
-3.3654
-3.3465
-0.99741
-1.2309
-3.161
-2.2871
-2.9685
-3.2518
-2.6537
-2.9126
-1.2375
-1.3025
-1.7867
-2.6473
-2.7088
-2.2194
-2.0344
-4.3105
-1.6118
-1.8601
-2.1846
-2.7035
-2.2029
-5.4299
-1.9982
-3.5653
-2.7671
-2.8618
-2.4006
-5.0583
-6.2345
-1.4804
-3.3852
-1.3179
-0.95001
-2.0901
-2.7852
-2.9674
-2.1534
-2.6078
-2.1108
-4.769
-4.4801
-3.4924
-1.8125
-1.0026
-0.33005
-2.9357
-1.5235
-1.9372
-1.6224
-3.1113
-3.1043
-2.4001
-1.6445
-3.1414
-2.3782
-1.9213
-2.838
-5.6476
-4.7721
-3.5198
-1.8179
-1.9018
0.39853
-3.2337
-1.566
-3.1947
-1.5674
-1.861
-2.2948
-3.2948
-2.722
-2.8678
-2.6521
-1.4364
-6.0981
-1.6279
-0.19609
-1.4928
-3.2548
0.11552
-4.3034
-2.8706
1.1096
-2.0332
-6.8504
-2.6451
-2.2092
-2.0743
-2.3736
-2.0667
-2.5874
-2.1186
2.4455
-0.6504
-5.757
-5.6378
-1.0408
-4.0631
-3.5062
-4.1635
-2.3034
-2.2047
-2.1416
-2.6189
-2.1681
-0.35862
-5.0328
-3.9431
-3.1287
0.06892
-3.9594
-0.058526
-1.0097
-3.0191
-1.7368
-1.54
-4.057
-0.57534
-1.9901
-2.4873
-4.4684
-2.8183
-2.8385
-3.809
-1.1836
-2.6719
-1.0842
-3.0017
-4.5687
-3.864
-3.9759
-0.66356
-1.9127
-0.56917
-1.7653
-3.4047
-5.789
-4.5468
-5.2114
-3.1375
-1.9726
-2.4751
-1.911
-1.5511
-2.8204
-3.3667
-2.1369
-3.2758
-4.2697
-1.5136
-2.8626
-4.416
-2.7577
-1.6636
-1.9855
-2.5738
-4.6386
-3.1288
-1.8272
-2.2177
-3.4575
-4.6987
-1.6071
-1.0644
-1.3367
-1.2617
-2.9508
-1.208
-5.116
-3.4497
-4.7169
-2.4271
-4.3498
-2.6236
-0.82684
-5.4955
-2.6506
-1.6878
-2.3512
-4.0665
-1.98
-1.1084
-3.4962
-3.2573
-2.1425
-2.4581
-4.1976
-2.0362
0.16686
-3.9198
-2.6178
-6.3885
-1.9884
7.9122
0.84952
-2.9433
-1.6109
-1.0905
-2.9952
-2.9278
-1.7578
-2.6611
1.2375
-1.183
-3.7685
-0.19826
-2.001
-1.1896
-2.4369
-3.6651
-5.1723
-0.92579
-3.2883
-1.5992
-2.6376
-1.2783
-1.0134
-4.2165
-2.8945
-3.7544
-3.09
-0.73995
-3.1543
-1.5385
-0.92947
-1.4987
-4.2883
-2.0252
-4.8217
-2.6259
-0.65535
-2.3636
-0.36067
-5.7019
-0.71323
-1.8634
-0.41386
-1.7831
-2.0876
-4.4724
-2.2217
-1.7994
-2.1152
-2.5078
-3.8086
0.46085
-3.2772
-4.4851
-4.198
-2.2963
-2.3491
-5.532
-1.7601
-2.1554
-2.5624
-1.7056
-1.806
-2.1095
-3.9114
-0.42404
-3.1568
-3.3053
-1.4783
-2.3457
-4.6693
-7.1196
-2.7662
-1.8789
-3.1806
-3.7276
-2.3487
-1.5987
-3.6427
-2.8742
-3.2041
-1.8073
-1.6063
-2.2332
-0.0016568
-2.498
-3.7248
-1.6406
-2.3661
-4.6836
-1.6253
-4.9778
-3.7159
-4.7772
-1.9016
-1.6027
-2.88
-1.3971
-2.3797
-2.2443
-2.1861
-2.9098
-3.559
-4.9204
-3.1562
-2.0882
-1.9542
-2.7159
-2.9068
-2.8
-1.9435
-0.89679
-3.1087
-3.628
-0.40136
-1.2318
-2.8487
-2.2425
-5.3744
-3.965
-3.3294
-5.0833
-1.8227
-1.4004
-1.3774
-0.041046
-3.7204
-4.1978
-2.1904
-0.93223
-0.94667
-0.31055
-4.8942
-3.6369
-2.0342
-2.9548
-2.3347
-3.9796
-2.8716
-1.4013
-3.529
-2.255
-3.0559
-0.80716
-2.5592
-2.7274
-2.2602
-3.8029
-2.2741
-2.5115
-2.2651
-1.4105
-1.9381
-2.7976
-1.5631
-1.2173
-2.3029
-3.2919
0.17314
-1.7966
-1.0968
-1.9289
-0.98052
-3.1943
-4.4306
-0.75675
-1.7331
-0.49923
-1.8517
-1.8146
-0.87724
-2.5629
-4.1857
-2.0799
-2.6754
-0.74982
-3.3644
-1.8427
-3.5469
-2.3895
-6.1995
-2.5794
-2.521
-3.435
-4.2313
-3.1536
-2.7751
-0.55039
-4.5183
-2.5004
-2.2169
-3.7699
-2.8743
-1.2391
-1.7874
-2.9815
-1.6414
2.2126
-1.6916
-2.204
-4.1592
-4.163
-3.385
-2.4018
-2.1474
-2.8308
-3.903
-3.6553
-3.4773
-2.4065
-1.0394
-2.1184
-0.50966
-0.53633
-4.5423
-1.5615
-2.4645
-1.4293
-4.6738
-4.0409
-2.0198
-1.848
-0.052064
-1.102
-3.142
-2.1354
-2.1518
-3.1818
-2.1338
-2.2801
-1.6479
-1.9628
-2.7197
-0.056798
-3.355
0.61129
1.1948
-3.6052
0.31071
-3.2374
1.6516
-4.0222
-3.7227
-3.5231
-2.9991
-5.2206
-1.8357
-3.222
-2.5094
-2.9464
-2.4375
-5.8502
-2.7669
-1.6705
-2.0077
-2.8579
-1.834
-1.9582
-4.4383
-0.73798
-2.9035
-4.4161
-2.3732
-3.2463
-4.123
-3.102
-1.8098
-0.10982
-1.7059
-2.8086
-3.5104
-3.5465
0.26115
-4.4431
-1.5082
-4.9839
-0.9686
-1.5035
-4.9148
-3.3161
-0.022935
-6.6778
-3.0625
-3.9506
-2.84
-2.1102
1.067
-3.4284
-2.1414
-1.0964
-2.5093
-5.5925
-1.6207
-2.8424
-2.4267
-1.5589
-1.048
-4.6011
-3.5148
-2.3037
-3.2754
-4.3454
-3.3316
-2.106
-0.1393
-3.4201
0.28015
-1.1239
-4.1256
-4.2966
-1.6612
0.010139
-1.2023
1.0444
-3.5298
-2.6691
-0.25652
-5.056
-3.153
-2.0573
-0.55163
-2.2069
-3.6316
-2.2907
-1.2785
-3.156
-3.343
-2.0153
-1.7956
-1.482
-0.42632
-1.9964
0.10952
-2.2394
-3.2851
-0.21339
-2.772
-3.0881
-2.2597
-3.4913
-3.2518
0.57915
-0.1988
-3.3825
-2.1756
-3.1993
-4.739
-2.4537
-2.0192
-2.135
-1.9591
0.10179
-3.4572
-1.7929
-0.32726
-3.1138
-4.0613
4.2185
-2.2495
-3.8454
-4.0973
-1.5689
-0.98964
-4.1345
-0.88023
-4.033
0.46537
-0.40282
-0.8719
-1.4975
-3.4636
-1.8442
-3.7452
-2.2315
-2.8167
-4.1938
-4.3739
-2.0687
-4.5012
-5.6841
-1.4381
2.3073
-3.0909
-2.4082
-1.3206
-3.0904
-3.2738
-2.233
-2.8342
-3.7379
-2.9468
-2.7453
-2.9149
-2.2696
-1.882
-1.2645
-1.4471
-2.3405
-4.8679
-2.6409
-4.5049
-1.2462
-1.9764
-1.8081
-1.5743
-2.723
-1.0418
-4.3505
-2.1946
-0.54668
-4.8609
0.55986
-3.2062
-2.9911
-7.324
-4.0827
-0.69271
-2.5913
-6.0937
-2.5526
-3.4293
-3.2003
-2.1453
0.47985
-1.9501
-0.89294
-1.7297
-1.7509
-3.9731
-4.14
-4.4795
0.26993
-3.5079
-1.8217
-3.4637
-4.1648
0.067823
2.2683
-1.6432
-2.635
-1.5218
-1.8919
-2.077
-2.8072
-4.9891
-6.0448
-2.9938
-2.0567
0.40732
-2.694
-6.0794
-3.7168
-0.30703
-3.3304
-1.7617
-2.8941
-5.75
-0.74821
-5.4429
-2.9405
-7.2571
-2.4162
-4.3916
-1.1282
-3.1617
-1.8962
-1.3601
-1.1114
0.12991
-3.3437
-2.125
-1.6884
-4.781
-4.7514
-2.8538
-0.25716
-2.5788
-2.8897
-1.4086
-6.0433
-3.8114
-3.2416
-2.5472
-2.5204
0.21568
-4.7856
-3.9554
-4.6945
-3.0024
-4.9932
-1.426
-2.4155
-3.3367
-2.56
-2.9266
-2.0947
-2.7197
-2.7955
-1.5518
-2.5784
-4.1504
-2.4515
-1.0861
-3.5635
-3.3642
-1.4956
1.7523
-2.9511
0.11162
-1.9742
-1.7241
-3.0671
-2.0344
-3.1244
-2.8759
-1.8231
-1.6134
-1.7023
-5.3224
-1.96
-2.4971
-1.3788
-1.3995
-3.7814
-0.97015
-3.1243
-3.3105
-4.3179
-3.8935
-1.2125
-1.0865
-2.6387
-0.66626
-2.6779
0.16497
-4.7221
-4.3809
-4.1952
0.77974
-3.3063
-0.083401
-3.5576
-3.5117
-2.5395
-2.1353
-1.2518
-1.562
-1.8124
-3.5764
-2.6786
-1.8112
-4.6663
-1.6691
-3.6206
-1.4956
0.70416
-1.3582
-3.3589
-2.7741
-1.7391
-3.9352
-5.4551
-3.9992
-2.8427
-2.4163
-0.36164
-3.6324
-4.0595
-3.5256
-2.9773
-3.1044
-2.0787
-2.2253
-1.7562
-4.3588
-3.1311
-2.0043
-4.7324
-2.4006
-1.062
-3.3468
-3.8039
0.43826
-0.69527
-1.8832
-3.0393
-0.99859
-2.6747
1.5635
-0.45308
-2.0654
-3.7536
-1.114
-1.9824
-2.2839
-2.3663
-1.9307
-2.6648
-0.71648
1.7842
-4.5358
-4.4277
-1.2509
-2.291
-1.0044
-1.3128
-2.4561
-2.1009
-0.37123
-2.2731
-4.9769
-3.5769
-2.78
-2.4334
2.6205
-4.0276
-0.41062
-2.3032
-3.3616
-3.1058
-3.7182
-3.5202
-1.8799
-0.75646
-2.501
-4.2121
-2.347
-1.9875
-2.1256
-2.0035
-3.586
-1.8999
-3.0167
-3.9178
-2.8082
-3.5927
-2.4605
-5.8585
-3.9287
-2.1037
-0.94399
-3.5163
-1.3332
-0.044751
-0.71047
-2.6177
-3.3672
1.182
-2.8204
-2.8481
-2.5978
-0.92561
-4.7736
-5.1594
-4.7193
-2.9092
-1.3929
-1.4858
-1.0643
-3.6143
-2.4588
-1.0559
-2.5763
-0.80533
-3.9657
-4.2669
-2.0329
-4.5061
-6.6177
-1.1096
-3.6963
-1.82
-2.3956
-2.2898
-2.8519
-3.2824
-2.5208
-4.3588
-4.1203
-1.8712
-0.34085
-1.9743
-1.7442
-3.5026
-1.9573
-1.5919
-3.6574
-3.3614
-2.5296
-2.0992
-3.3938
-1.8061
-4.2254
-5.0519
-2.6258
-3.6564
-2.3368
-3.2915
-0.32284
0.47287
-1.9904
-1.8281
-0.99648
-2.6229
-1.5985
-4.6346
-3.0512
-2.5453
-1.858
-1.6326
-0.71012
-1.2778
-3.1709
-3.2926
-4.2773
-2.362
2.4473
-2.0188
-2.1142
-1.7843
-5.2776
-2.2451
-5.0177
-3.3782
-2.6149
-4.0977
-3.2688
-1.7961
-3.7187
-4.8699
-3.6827
-1.7107
-3.1888
-0.76601
-5.8458
-2.0078
-0.2423
-2.5177
-1.8858
0.94852
-1.6372
-4.0161
-3.2132
-2.3229
-1.0204
-4.7134
-1.4547
-2.6714
-2.0823
-0.63301
-1.6448
0.26293
-4.3587
-0.56207
-0.96196
-4.9614
-2.8862
-1.9473
-5.4986
-2.3494
-3.0868
-7.2824
-6.0827
-1.633
-4.9428
-3.5992
-1.7655
-1.9365
-1.6696
-2.1908
-4.1296
-3.3662
-2.6244
-4.4144
-2.0228
-2.209
-3.7682
-4.9306
-5.377
-1.7875
-3.8805
-1.8256
-3.0724
-3.0678
-2.008
-3.6517
-3.5517
-3.0024
4.3349
-0.63195
-4.5444
-1.8628
-1.614
1.3646
-1.6998
-3.3565
-0.79455
-2.4067
-1.7813
-2.6349
-2.6573
-2.5233
-3.2175
-1.7503
-1.1651
-1.91
-4.8924
-3.8054
-1.7959
-1.6983
-0.49584
-3.9932
-4.4325
-2.4307
-3.0694
-6.5725
-2.1257
-1.2105
-3.4679
-4.3639
-2.5754
1.0749
-2.0222
-1.5092
-1.7057
-3.6001
-1.9443
-4.9561
-6.6402
-1.4189
-2.718
-3.0273
-2.202
-3.2099
-2.726
-1.6749
-0.30189
-2.4449
-5.0776
-3.2465
-3.7068
0.69188
-0.3106
-2.8903
-1.2433
-4.2964
-2.4372
-2.9763
-3.8836
0.41873
-2.5388
-1.6685
-3.3719
-0.6732
-2.355
-3.8126
-3.7391
-0.91991
-2.0892
-2.3093
-2.2874
-4.1975
-3.1864
-4.8307
-1.5166
-2.2522
-2.9845
-4.7348
-2.3379
-5.213
-4.3993
-1.5914
-2.0083
-2.8758
-4.5777
-2.3666
-3.4842
-1.7738
-3.192
-1.7855
-3.3046
-3.0021
-2.3974
-3.075
-0.75342
-1.8102
-3.6085
-3.5377
-4.2411
-1.0142
-3.4887
-2.1257
-2.9532
0.28035
-3.6281
-3.0906
-4.9941
-2.0454
-2.76
-1.6201
-1.6407
-3.0332
-2.5069
-5.1282
-1.9225
-1.0684
-3.6202
-4.1403
-4.14
-2.1556
-2.0812
-1.5653
-5.9208
-4.7125
-2.7946
-1.2638
0.69716
-4.482
-2.0691
-4.2076
-3.051
-2.5459
-4.4942
-3.2298
-3.0083
-4.8385
-3.136
-1.5739
-2.6518
-2.5461
-1.391
-3.6346
-3.7929
-2.943
-2.6035
-3.1762
-6.8134
-3.0894
-2.7317
-2.0343
1.6618
-2.6729
-2.0082
-4.2785
-2.6109
-2.303
-1.6741
-2.0218
-1.198
-2.983
-1.8793
-1.7405
-2.2166
1.6026
0.57786
-1.4364
-1.4922
-2.4901
-5.2915
-6.8684
-0.46864
-2.2536
-3.6853
-3.0221
-0.83776
-6.0818
-3.9805
-1.9784
-2.1245
-2.5851
-1.5851
-3.4012
-3.0746
-3.5
-4.8451
-3.5122
-1.0062
-1.6056
-1.5035
-3.4279
-2.9965
-2.2051
-2.2741
-1.7176
-1.9716
-5.9945
-2.4172
-3.2992
-2.4333
-1.7658
-4.2601
-0.80944
-3.9506
-3.7595
-3.7849
-1.6485
-3.2064
-3.4506
-2.7599
-3.0392
-1.5322
-1.3051
-3.2616
-3.1682
-4.1366
-1.7187
-2.2977
-5.2351
-3.3522
-3.7742
-2.0841
-3.822
-4.1316
-3.0897
-1.7426
-4.9044
-4.1099
-1.0055
-4.2962
-5.1065
-1.425
-3.7704
-2.6889
-5.4278
-1.8676
-3.7005
-2.2302
-2.413
0.043548
-3.5904
-4.8199
-1.7537
-1.5508
-1.7562
-5.2769
-2.1771
-1.6488
-2.963
-4.0701
-3.2286
-3.2137
-2.2702
-4.1839
-0.92189
-2.1625
-2.3321
-2.8418
-1.4367
-1.3065
-3.2779
1.6666
-2.5228
-2.1609
-0.30234
-5.4498
-3.5909
-3.4122
-1.9899
-4.2128
-3.0344
-1.9795
-1.5759
-2.4993
-1.8344
-4.2085
-4.0043
-3.837
-1.5679
3.4355
-2.625
-4.0204
0.011592
-1.3701
-3.5673
-4.5268
-1.5527
-3.8542
-2.1751
-1.5187
-1.1597
-2.1073
-2.4029
-3.814
-1.4286
-2.1183
-4.1555
-2.0662
-5.173
-0.46319
-2.7847
-4.1358
-2.1381
-2.7086
-4.1882
-3.4919
-2.7539
-3.4205
-1.2465
-1.1167
-0.15764
-2.1024
0.185
-2.2796
1.2071
-2.3219
-3.6997
-4.0501
-3.3083
-3.9472
-3.3492
-3.2581
-4.31
-4.4266
-2.2071
-0.91559
-3.1004
-1.7821
-3.0686
0.17613
-0.18238
-2.7773
-4.4324
-2.2188
-3.6061
-4.4596
-0.54153
-3.4034
-1.9181
-1.6298
-3.7323
-3.1623
-0.782
-4.9962
-3.6668
-1.1033
-1.7515
-2.4805
-3.2781
-1.2955
-1.6103
-2.8648
-2.1733
-1.2361
0.48733
-2.7201
-4.7453
-2.8837
-2.4132
-3.9116
-2.2076
-1.902
-3.1182
-1.6562
-3.0481
-3.8963
-1.8248
-2.8824
1.0316
-2.8722
-0.65474
-3.3063
-3.1866
0.91576
-1.6078
-1.766
-2.1348
-3.5424
-1.183
-3.4326
-3.5823
-4.3321
-2.1423
-0.57563
1.9482
-3.0789
-5.1354
-2.4486
-1.7948
0.085216
-1.8202
-4.0547
-0.90537
0.085271
-4.064
-1.5285
-1.8214
-2.1374
-1.2666
-2.4491
-3.828
-5.0459
-4.8645
-2.6102
-1.9348
-6.5108
-6.8051
-3.8191
-1.0643
-3.423
-1.5491
-3.7884
-3.4691
-4.9716
-2.2206
-1.9643
-5.0975
-1.9366
-2.0735
-3.2047
-1.7781
-2.9918
-1.7786
-2.1179
-3.9338
-2.101
-1.9105
-3.1072
-5.8587
0.71833
-1.852
-2.7279
-3.1053
-2.5725
-1.5836
-4.0933
-4.824
-2.3778
-1.1672
-1.4902
-5.5909
-1.3654
-2.6603
-3.7273
-0.86422
-5.9485
-2.8191
-1.7508
-1.8071
-4.043
-1.8895
-5.213
-0.12743
-1.6139
-0.54013
-1.7722
-0.23302
-3.6296
-0.77736
-2.4581
-2.5764
-2.4415
-2.1679
-2.7085
-1.501
-1.538
-2.0833
-4.2568
-2.3974
-3.8879
-4.4056
-3.3476
-3.1979
-4.2038
-1.3899
-5.0258
-4.9574
-4.2089
-1.5273
-2.874
-3.8767
-0.21661
2.6285
-4.5213
-1.251
-0.65271
-4.4636
-3.0158
-5.8955
-5.9861
-2.7054
-2.539
-1.4032
-1.3057
-5.0117
-4.3631
-2.1624
-5.5754
-3.9033
-4.1434
-2.9065
1.9608
-4.1499
-1.9943
-5.9254
-3.2963
-1.4979
-0.63234
-4.129
-1.8207
-1.6064
-2.3082
-5.9576
-2.8109
-2.4383
-3.2961
-2.1861
-1.9481
-5.6887
-1.1369
-3.736
-1.4136
-4.1983
-1.5989
-6.2247
-3.5822
-1.5308
2.0649
-1.8684
-4.3034
-2.3007
-4.1134
-1.9459
-2.1827
-3.367
-1.5329
0.93404
-2.5176
-2.2725
-0.80482
-4.303
-3.502
-1.4782
1.6959
-1.6433
-1.2284
-2.2171
0.056172
-2.579
-1.5681
-2.4087
-0.10705
-3.2385
-2.8979
-3.691
-0.66851
-2.9843
-4.9894
-3.3839
-1.7338
-4.9802
-0.30877
-7.8302
-2.8801
-4.1605
-1.9552
-8.3154
-1.8344
-2.1468
-1.6508
-2.3196
-3.5353
-3.1199
-3.3882
-2.2462
-2.2651
-4.0653
-1.7027
-1.7969
-3.7817
-2.6061
-3.8535
-3.7498
-4.9203
-3.4879
-1.927
-1.3523
-1.8729
-2.4316
-0.20649
2.0779
1.1889
-3.2754
-4.3155
-1.9332
-4.0927
-4.442
-1.8156
-0.49477
-2.0545
-0.75855
-2.6841
-5.7847
0.87509
-1.0319
