28.434
-6.2313
-2.3693
-31.856
-7.056
-5.2461
-37.301
-1.1009
-15.103
-27.532
-11.671
-16.458
-20.396
-1.8013
-1.3312
-31.06
-3.0693
-0.94094
-1.5136
-0.9074
-27.123
-12.671
-22.125
-1.5983
-3.1729
-3.1178
-43.078
-4.1637
-31.038
-36.201
-6.1767
-9.1785
-1.6515
-2.7785
-1.5775
-36.141
-34.104
-8.947
-2.3596
-2.8196
-7.9755
-5.2663
-8.4361
1.6927
0.39487
13.281
-28.698
-4.8486
-1.7577
-13.641
-15.647
-10.342
-18.692
-17.884
-3.7864
2.199
-3.3302
4.1369
-2.6133
-2.0485
-12.145
-3.0688
-12.471
-3.809
-2.634
-2.6574
-2.3604
-4.2944
-4.9927
-18.775
-33.905
-2.1382
-1.0443
-3.9932
-24.904
-4.6851
-3.2815
-2.869
1.7185
-2.1451
-15.131
-25.425
-11.65
-2.1937
-13.378
-3.2499
-2.976
-36.129
-2.3455
-4.744
-3.5913
-11.037
-1.471
-3.8719
-2.4423
-7.2619
-4.5622
-30.338
-0.77157
-0.076868
5.9792
14.754
-2.4527
-18.195
-8.3472
-2.9976
-4.1729
-4.7626
-25.768
-0.67728
-5.1951
-1.9371
-29.786
-4.257
-28.273
-5.2837
-26.863
-4.0632
-1.8932
-0.91304
-5.0408
-4.3429
-28.932
-4.7821
-41.934
-11.399
-19.989
-4.4905
-7.253
-2.9314
-9.1642
-1.3509
-27.125
-1.7901
-10.436
-6.7148
-3.841
-11.508
-13.587
-15.55
-1.9872
-4.5719
-4.7194
-3.8052
-19.527
-2.4985
-23.703
-6.2455
-4.8543
-2.4194
-5.1833
-21.129
-14.164
-2.8231
-12.993
-3.9455
-4.3094
-13.877
-3.7072
-1.7222
1.0116
-4.342
-4.6577
-3.8945
-4.8632
-7.5135
-4.4548
-23.622
-3.4385
-5.21
-4.6977
-7.3226
-36.654
-2.4099
-5.4025
-3.7753
-4.8342
-13.872
-1.9211
-2.5271
-14.508
-3.0811
-3.4425
-17.61
-0.63015
-0.84757
-5.0772
-1.6156
-20.13
-29.842
-2.8829
-20.944
-4.6378
-32.875
-1.3003
-4.7284
0.066758
-1.9253
-1.1378
-14.861
1.0394
-3.0501
-3.3941
-2.8155
-6.673
-3.8006
-4.9369
-19.389
-4.1591
-4.2101
-2.8491
-12.291
-20.194
-2.7803
-2.6767
6.1012
-4.4419
-25.698
-1.4335
-3.374
-15.629
22.385
-5.9045
-2.9676
-11.644
3.0098
-1.4125
-7.5756
36.372
-6.9844
-3.8471
-12.011
-2.1332
-4.815
-23.323
-27.239
-2.9518
-0.68153
0.30281
-37.652
-3.2792
-25.635
-18.328
-2.7769
-6.48
-12.113
-2.5278
-30.07
-2.6607
-2.7633
-2.2413
-0.20515
-3.5038
-1.6667
-6.1101
-32.058
-24.823
-3.8837
-18.848
-2.6015
-2.4799
-7.4357
-28.631
-5.8614
-4.7881
-3.0153
-2.4933
-1.3175
-2.4298
-16.189
-2.1549
-1.1702
-4.6761
-3.532
-3.7579
-0.90267
-17.216
-2.5318
-0.17736
-5.8288
-3.1442
43.461
-3.5292
-18.382
-20.564
-25.821
-2.9768
-2.0082
-15.47
-2.9431
-1.7979
-8.9462
-3.4631
-2.0278
-5.0327
1.1977
0.53244
-30.42
-3.1392
-6.1189
-1.91
-46.243
-4.4576
-3.1348
-2.4134
-3.7362
-0.53456
1.0808
-29.074
-4.413
-11.941
-5.933
-1.893
-2.2929
-7.2099
-3.8343
-1.7701
-3.158
-3.9299
-4.5249
-15.3
-3.0539
-2.2806
-5.3969
-13.323
-4.3521
-2.9286
-3.0582
-10.985
-24.685
-27.86
-4.2737
-4.9031
-1.3041
20.529
-21.648
-2.6214
-3.7583
-4.8538
-15.988
-15.267
-33.056
-2.9079
-10.486
-2.8151
-1.526
-40.21
-14.025
-16.409
-7.6301
-4.7262
2.5069
-34.47
-6.9315
-28.203
-2.0068
-9.0896
-10.177
-3.9453
-4.2915
-3.4941
-26.133
-3.8367
-23.731
-1.5147
-2.6596
-1.9048
-17.02
-3.208
-2.0584
-15.51
-2.249
-6.3417
-5.1921
-6.6803
-11.032
-37.443
-2.1447
-3.3958
-5.7883
-9.7419
5.7332
-5.9737
-2.3827
-3.2545
-4.5053
-21.241
-1.7318
-16.201
-10.804
-6.6064
-2.9451
-3.7618
-37.57
-4.7249
-1.9847
-38.832
-8.7688
-12.466
-31.563
-8.6834
-6.349
-6.7847
-2.9724
-43.902
-10.08
-13.637
-2.4736
-3.1226
-3.3771
-2.3323
-24.15
-1.4473
-5.8379
-1.8784
-15.912
-0.80788
-2.1199
-3.2167
-3.8624
-24.742
-2.6137
-3.7084
-4.8329
-8.9335
-2.4892
-11.924
10.63
-3.6582
-3.4807
-16.76
-4.2013
-2.2607
-7.2371
-8.5639
-22.984
-5.7082
-5.2343
-28.202
-8.429
-2.1321
0.0095086
-3.2934
-11.444
-8.8931
-2.5714
-3.7319
-19.843
-2.9209
-34.031
-1.1237
-2.0058
-14.137
-2.4407
-2.8955
-14.945
-11.365
-5.3543
-4.5409
-22.528
-12.344
-2.7973
-6.9946
16.97
-23.329
-1.1342
-2.4517
-28.893
-18.067
-13.408
-15.875
0.15256
-5.4996
-20.328
-3.5783
-7.6133
-2.8505
-5.7639
-3.1027
-23.466
-3.5089
0.16086
-4.1902
-3.0742
-2.5029
-3.1153
-17.796
-13.37
-16.59
-10.244
-4.4274
-3.9938
-1.8881
-4.0726
-23.814
-4.0264
-3.0725
-2.3595
-3.2833
-3.1046
8.5006
-25.294
-1.4829
-31.611
-3.183
-16.63
-1.9663
-1.8214
-2.8231
3.0344
-1.9375
-1.2003
0.22673
-19.889
-2.5243
-1.8946
-10.439
-2.5036
-2.0574
-3.0184
-14.893
-6.0282
-16.829
-15.387
-7.9721
-2.6632
-2.1642
-14.488
-4.7834
0.035766
1.2365
-2.502
-13.102
-3.9005
-3.2961
-3.7275
-9.4769
-2.26
-1.2075
-4.1165
-2.5021
-18.186
-2.6408
-1.4232
-2.1561
-3.4349
-3.0085
-2.7804
-11.658
-0.6393
-3.1559
-3.5011
-11.937
-3.3065
-2.6503
-11.929
-4.8639
-3.2321
-36.003
-5.205
-24.011
-2.5117
-17.452
-2.9863
-5.5315
-4.2394
-15.501
-2.7797
-30.959
-3.3463
-1.7558
-3.1785
-2.6426
-2.2547
-3.6654
-3.4526
-2.5169
-7.3323
-20.326
-3.4081
-1.8723
-9.1133
-6.6281
-25.807
-12.233
-1.7069
-20.346
-18.212
-16.786
-25.13
-30.912
-27.475
-2.9948
-2.144
-9.2331
-19.795
-2.4435
-25.28
-16.36
1.0577
-5.6761
-2.8202
-14.319
-30.048
-3.5194
-3.3324
-0.47339
-23.562
-2.771
-3.9979
-3.6328
-36.16
-3.0046
-5.6978
-8.3352
-2.3488
-14.009
-5.2165
-3.0937
-2.1785
-2.1917
-1.6056
-3.3962
-25.209
-4.5032
-3.241
-2.567
-5.8432
-1.9231
-35.76
-4.4562
-27.533
-4.0533
-10.538
-5.4465
-4.9389
-15.246
-2.9647
-8.343
-3.7986
0.12287
-3.4682
-9.6178
-10.102
2.9563
-32.444
-8.3818
-7.6679
-3.7116
-4.9619
-2.1352
-2.511
-4.9327
-2.3751
-11.713
-28.903
-6.8447
-17.47
-4.4794
-30.362
-0.94316
-13.555
-3.9228
-1.29
-1.2788
-12.944
-21.354
-21.394
-4.3819
-2.5342
-12.017
-3.6237
-13.531
48.808
-6.8879
-2.7079
-2.9001
-3.2912
-24.961
-5.2782
-2.7013
-2.8408
-14.304
-5.104
-2.3997
-11.472
-11.564
-37.91
-21.044
-2.4227
-2.0232
-6.0492
-15.305
-2.6284
-40.089
-27.674
-1.872
-2.9369
-6.08
-4.3534
