6.6382
-6.0103
-0.93339
-8.2893
-3.6788
3.2566
-4.1336
-4.0883
-3.5481
-5.3308
-7.6161
-4.2593
-9.7009
-2.7324
-0.71323
-8.8847
-2.4751
-2.8536
-2.3699
-2.5387
0.60676
-12.141
-8.6902
-0.49253
-5.8071
-1.4884
-7.2882
-3.197
-7.8674
-5.3335
-7.127
1.3843
-4.9515
-7.3638
-3.3386
-5.5178
-1.3598
-7.0117
-2.3432
-4.159
-9.8588
-8.1378
-7.4347
-4.2136
-5.4586
3.4406
-0.036626
-1.366
1.2415
-9.1019
-4.7133
-6.6329
-5.2507
-7.5344
-2.9729
-3.2696
-0.74473
-5.4699
-3.6126
-1.1535
-4.0389
-3.2624
-6.8245
-5.7919
-2.493
-3.9162
-2.4575
-6.981
-7.4078
-6.3706
0.81701
-1.5325
-3.6653
-2.0231
-7.0194
-6.7928
-4.0308
-2.9808
-2.2526
-5.1549
-5.5222
-6.7949
-6.8232
-1.893
-4.5197
-2.7501
-4.1877
-5.6059
-3.1773
-2.8722
-9.2981
-7.6757
-2.1926
-4.703
-1.4663
-4.2654
-4.1195
-1.478
-3.8671
-2.1224
5.5297
-3.2308
-2.6426
0.74368
-9.6612
-9.3563
-3.179
-6.3346
-2.571
-2.7739
-6.8727
-5.1837
0.74396
0.073894
-7.1239
-10.475
-3.9001
-6.2922
0.36517
-2.7913
-10.417
-2.4452
-4.5209
-7.7694
0.22822
-1.1085
-5.09
-4.231
-3.0477
-2.8101
-5.7151
-4.1122
-6.8266
-5.791
-4.8374
-2.317
-2.2852
-6.1302
-5.6033
-6.3419
-1.2421
-0.15184
-1.846
-5.0245
-6.1765
-5.0931
-6.5011
-2.6561
-3.6295
-7.8643
-9.1991
-7.9922
-6.7003
-2.2537
-3.7094
-7.3543
-11.555
-5.3064
-1.7357
-3.1042
-4.7762
-6.716
-2.2283
-5.7509
-1.8445
-7.3393
-3.8846
-3.2518
-0.22671
-3.0051
-3.6422
-1.06
3.2078
-0.53241
-3.5356
-3.886
-8.8772
-6.4714
-1.1385
-1.7582
-5.6478
-2.9392
-10.034
-6.395
-5.3125
-0.13679
-7.0689
-0.10895
-8.8867
-3.1176
-0.52056
-7.1454
-2.0983
-7.8015
-2.1313
-3.8603
-3.5799
-4.7047
-3.0898
-8.4369
-3.1255
-1.6305
-2.2884
-2.6492
-5.7688
-1.7313
-0.40383
-7.7175
-5.4423
-3.8421
-6.5616
-5.4308
-2.7246
-11.139
-3.2399
-9.9275
-3.1414
0.10074
-3.1711
-2.6032
-5.5134
-0.65246
-3.5129
-7.4409
-4.4995
-6.4661
-0.97324
-3.4868
7.5289
-9.2411
-1.9531
-4.0124
-2.4959
0.91818
-1.9961
-1.9272
-3.5516
-5.2332
-4.7311
-8.1817
-2.3035
-4.7755
-7.7877
-6.222
-5.0393
-6.7064
-0.46308
-0.44409
-4.0099
-1.2369
-4.3578
-4.571
-3.8259
-1.5845
-7.6368
-7.9812
-7.7334
-3.1982
-9.2082
-1.49
-2.4242
-14.898
-4.1066
-4.8778
-1.4161
-7.86
-3.9845
-2.5662
-2.3326
-10.509
0.40398
-2.8141
-7.9607
-1.5456
-2.8306
-2.9048
-4.7671
-2.8012
-4.9544
-13.855
-2.589
6.9308
-5.2753
-3.4769
-5.4606
-1.7782
-2.1188
-4.0893
-11.049
-0.95106
-3.0898
-3.5225
-3.1328
-3.9339
-5.7488
1.6981
-3.625
1.6576
-1.5655
-7.0864
-4.6461
0.16366
-2.0454
-0.37547
-2.5119
-4.1521
-2.5742
-5.6006
-5.0784
-1.1068
-5.5374
-1.1171
-2.2535
-5.106
-4.7643
-2.6914
-2.1278
-1.071
-6.8098
-9.0037
-3.2156
-3.1307
-1.366
-5.5669
-3.4901
-0.26132
-0.89735
-5.6804
-3.9114
-12.412
-5.5692
-1.8774
-0.60181
-0.75853
4.6008
1.7492
-3.2134
-3.1195
-2.1451
0.036397
-9.1417
-6.765
-3.0176
-6.6787
-14.283
-2.2356
-4.0382
-8.4795
-7.1332
-7.6526
-7.4641
-1.7269
-3.8956
-0.23583
-6.2362
-8.8706
-8.1015
-4.2819
-4.339
-4.4838
-5.7274
-6.1087
-3.075
-4.8207
-1.3467
-3.3227
-3.3163
-3.5333
-3.2572
-4.1102
-8.7285
-2.2314
-3.4955
-6.9056
-5.6557
1.9157
-3.9695
-3.6427
-2.5005
-3.9553
-4.5217
3.8839
-11.261
-3.9823
-3.772
-5.7303
-5.6592
-2.8447
-2.2361
-4.059
-0.7989
-2.4272
-8.7174
-3.5997
-4.5584
-2.4072
-6.2977
-0.37055
-1.813
-7.6203
-8.8195
-7.62
-0.25566
-1.1169
-8.1044
-7.9222
-6.6655
-4.9983
-4.3892
-3.3261
-2.1233
-5.3227
-8.3492
-2.0911
-2.0411
-0.35611
0.11866
-3.0193
-2.2592
-2.3539
-0.22625
-4.9435
-1.5974
-3.84
-6.3825
-3.6812
-6.9064
-9.5677
-2.068
-4.5264
-6.8966
-3.023
-1.5714
-6.2837
-3.1513
-2.4733
-6.4883
-3.731
-4.8378
-7.7034
-3.0691
-3.0789
-1.6832
-7.3837
-8.8618
-3.2868
-2.2133
-9.3193
-5.5202
-4.5352
-6.9763
-1.6196
-4.4762
-1.6022
-3.1121
-5.3214
-8.5188
-7.8503
-4.0047
-8.0149
-8.0471
-3.3632
-1.8695
-6.8723
-5.5325
-3.6467
-1.354
0.85973
-3.4196
-5.7786
-4.6757
-3.3278
-6.2454
-0.72569
-5.9295
-6.4956
-1.3124
-5.8137
-2.7357
-5.4816
-3.9764
4.3407
-8.3425
-2.663
-8.8079
-5.1561
-1.991
-4.4713
-7.9399
-5.9395
-5.9579
-3.9607
-0.72362
1.117
-5.6456
-6.248
-3.6518
-3.0086
-4.5782
-3.5012
-5.0847
-2.422
-2.2086
-7.381
-3.9624
-7.6354
-1.5468
-2.4528
-3.6737
-5.7575
-2.3555
-3.8293
-2.3627
-3.2725
-1.9775
-1.5237
-4.6051
-0.99299
-4.0152
-5.6721
-2.6832
-5.6724
-5.9959
-7.1571
-4.5659
-8.8541
-3.1565
-7.4725
-3.9969
-4.8149
-4.4396
-5.1627
-9.731
-4.1099
-2.7971
-4.3876
-7.2325
0.36214
-4.2433
-5.8768
-2.6894
-0.91572
-2.3457
-2.8916
-4.7295
-3.5012
0.68027
-6.9923
-7.6831
-6.9142
-4.0049
-11.775
-4.0753
-4.1711
-0.62361
-5.8209
-3.0844
-3.8903
-3.2368
-4.1848
-7.2515
-4.305
-4.7066
-4.9868
-6.8921
-3.2686
-6.1509
-7.7419
-4.9788
-0.86397
-4.1267
-5.3805
-1.0144
-3.2888
-9.6278
-2.1397
-2.3402
-5.5107
-6.6818
-4.251
-1.2268
-6.2959
-2.0114
-3.2299
-8.1103
-4.8939
-4.3029
1.0523
-4.2881
-6.1235
-2.9786
-5.3976
-5.1693
-4.4026
-2.0572
-4.0801
-0.90975
-4.7756
-6.9489
-3.2961
-3.2069
-2.8772
-4.0229
-6.3935
-5.9283
-2.8976
-2.8513
-3.4312
-5.137
-3.8454
-2.9087
-2.7156
-6.1367
-6.0392
-3.8522
-0.48695
-11.169
-4.9514
-1.1288
-7.7782
-4.2751
-4.4885
-3.462
-6.9042
-0.13204
-3.6453
0.41018
-7.1523
1.1646
-5.8148
-5.738
-3.5751
-0.83664
-6.4237
-1.6919
-7.4593
-2.4895
-0.96117
-9.2227
-3.4334
-1.5756
-2.6672
-6.2905
-1.5689
-6.5581
-5.7705
-5.382
-4.7402
-5.3412
-4.8064
-7.8537
-2.3465
-1.7553
-9.4221
-8.9935
-5.0136
-5.1183
-6.4141
-4.0861
-7.8604
-4.4135
-1.8165
-1.8396
-2.3426
-0.48566
-7.894
-5.9555
-1.8577
-1.8026
-1.0183
1.7334
-1.9365
-3.6964
6.4929
-9.1853
-2.1276
-5.1875
-1.5549
-4.1254
-5.1149
-5.6621
-4.2965
-1.1001
-9.5382
-1.6195
-5.3485
2.2228
-5.27
-2.8134
-2.2388
-1.7398
-7.2551
-3.629
-0.7878
-7.5946
-4.3797
-2.8965
-1.3191
-7.906
-8.2755
