-4.0117
-2.3522
-2.8281
-3.6613
-1.8343
-3.0756
-3.0697
-3.6292
-3.1435
-3.2148
-3.0961
-3.32
-3.1391
-3.0299
-3.2946
-3.352
-3.1907
-3.2947
-3.3328
-0.65753
-2.9707
-3.086
-3.3135
-3.3265
-2.1344
-3.1685
-2.5404
-3.1657
-2.986
-3.2517
-3.1386
-3.5456
-2.9874
-3.4656
-3.6326
-2.6114
-3.0493
-3.0067
-3.229
-3.0564
-3.1956
-3.3186
-4.124
-3.1286
-3.6699
-2.4487
-2.9703
-3.19
-2.5144
-2.5787
-3.0299
-3.126
-3.2233
-3.3898
-3.0287
-3.1402
-3.9719
-3.4131
-3.3332
-2.9919
-3.2422
-2.9753
-4.1164
-3.1953
-2.2582
-2.1955
-3.1999
-2.7815
-2.7142
-3.0858
-3.0565
-3.0629
-3.3424
-3.4867
-3.2858
-2.9973
-3.1589
-3.3147
-2.3022
-3.6673
-1.0827
-3.2436
-1.8766
-3.4337
-3.1505
-3.3252
-3.1373
-3.29
-3.241
-3.2519
-3.5734
-2.3425
-3.0476
-3.3652
-2.9603
-3.2065
-3.1645
-3.4128
-3.4023
-3.0895
-2.7631
-3.3081
-2.8178
-3.507
-3.0535
-3.256
-3.0958
-3.504
-3.3193
-2.165
-3.5979
-3.5033
-3.1011
-3.4744
-2.0132
-3.2329
-2.7114
-3.0625
-3.782
-3.7885
-3.4658
-2.8524
-3.4158
-3.3473
-3.658
-2.7087
-3.4593
-3.2769
-2.668
-2.4533
-3.2089
-2.6451
-3.1608
-3.3485
-4.8232
-2.8835
-3.2648
-3.0595
-2.9544
-2.848
-3.1324
-1.3
-3.4463
-3.0572
-2.812
-3.1786
-3.0628
-3.4407
-3.5146
-3.3582
-2.9722
-2.3063
-3.2237
-3.2516
-3.4749
-3.4181
-1.7891
-2.9388
-2.8575
-3.2139
-1.9858
-3.2254
-4.0206
-3.1158
-3.0809
-3.2408
-3.0933
-3.5385
-3.2117
-3.2049
-3.532
0.51576
-4.3594
-4.608
-1.0991
-3.4807
-1.9864
-2.9173
-4.3596
-2.0078
-3.2182
-2.9629
-3.0347
-3.0987
-3.0591
-3.1286
-3.0208
-3.2954
-3.7838
-3.2862
-4.0821
-3.0608
-3.715
-3.4526
-3.4875
-2.9152
-1.2136
-3.0597
-3.1437
-4.4991
-3.3409
-3.0898
-3.2126
-3.2362
-3.6528
-2.9823
-3.2811
-3.4259
-3.1928
-3.0498
-3.2591
-2.8896
-3.1112
-2.2298
-2.8009
-3.1222
-3.145
-3.0203
-3.1163
-3.0386
-3.1087
-3.0726
-3.2996
-2.9408
-3.1499
-3.5031
-2.5735
-2.9277
-3.1738
-3.4187
-3.7419
-3.068
-3.1933
-3.2537
-3.4186
-2.921
-3.2086
-2.7107
-2.4993
-2.8531
-2.9282
-3.2324
-3.2406
-3.08
-3.8121
-3.2148
-2.7904
-3.1713
-3.1924
-3.403
-2.7844
-0.97452
-3.1627
-3.2456
-3.0249
-1.7009
-3.0569
-3.8354
-3.3518
-3.2506
-2.3968
-1.237
-3.2194
-3.6188
-4.0824
-3.1471
-3.2234
-3.2176
-3.3881
-3.0295
-3.0217
-3.1335
-3.1082
-3.0224
-2.2638
-3.1691
-3.1289
-2.7929
-3.4153
-3.114
-3.1686
-3.2759
-3.5109
-3.464
-3.3016
-3.5393
-3.2699
-3.8951
-3.2825
-3.4598
-4.8717
-3.3095
-2.6418
-1.2074
-3.2649
-3.1178
-3.2986
-3.1223
-3.3079
-3.4345
-2.8863
-1.6571
-2.9129
-2.9052
-3.3838
-3.1892
-0.33628
-3.3465
-2.8667
-2.5242
-1.9166
-4.2338
-2.7802
-3.2938
-2.696
-3.5605
-2.5887
-3.5467
-2.9894
-3.205
-2.9666
-3.3542
-2.6058
-3.9534
-3.7293
-3.3126
-2.4604
-3.4994
-3.4891
-3.2806
-3.044
-3.1463
-3.0613
-3.2847
0.7508
-3.2261
-3.6224
-3.2118
-3.7395
-0.83446
-2.8927
-3.2911
-3.2865
-3.8691
-3.6116
-1.74
-3.3352
-3.372
-3.7099
-1.931
-2.5669
-3.2356
-3.3601
-3.1998
-3.1495
-3.5068
-2.4037
-2.0498
-2.4898
-3.2066
-3.6169
-3.0101
-2.2389
-3.2969
-3.2628
-3.0555
-1.1108
-3.06
-3.6514
-3.3774
-3.3498
0.45055
-3.138
-3.7174
-3.2727
-3.405
-2.996
-3.2976
-3.1153
-3.6048
-2.5334
-2.8061
-3.1397
-3.2458
-2.9323
-3.2092
-3.763
-3.3688
-3.0168
-3.011
-3.1029
-3.2888
-3.306
-3.0273
-3.1782
-3.7589
-3.1357
-3.1113
-3.1016
-0.28737
-3.2159
-3.6861
-3.5732
-3.1605
-3.7195
-3.4269
-3.2787
-2.234
-3.5076
-2.7004
-2.611
-3.5957
-3.3286
-3.3554
-3.4229
-3.4128
-3.1615
-3.1343
-3.4581
-3.0098
-3.8332
-3.2943
-3.2952
-3.0568
-1.7216
-3.3497
-3.4475
-3.2841
-3.1132
-3.1551
-3.3084
-3.3267
-2.7361
-3.3382
-2.8261
-4.0747
-2.9554
-3.2454
-3.0412
-3.4206
-3.5877
-3.4769
-3.5266
-3.5194
-3.3575
-3.2181
-2.8945
-3.1316
-2.9118
-3.3501
-3.1254
-2.2419
-3.8819
-3.089
-3.2747
-3.3085
-3.6176
-3.1525
-3.3248
-3.29
-3.175
-3.1778
-1.9922
-3.5755
-2.941
-3.2802
-3.3526
-3.4027
-3.1518
-3.1289
-3.3421
-3.9677
-3.6823
-3.2178
-0.16707
-3.3742
-3.52
-3.1423
-3.046
-3.1421
-2.9609
-2.9188
-3.0899
-3.1621
-2.8686
-3.4956
-3.4457
-3.0858
-3.2016
-3.951
-3.5594
-1.5258
-4.1723
-3.6505
-1.3535
-3.4212
-3.5202
-4.1491
-3.572
-3.0302
0.71993
-3.162
-3.2825
-3.3744
-0.94774
-3.402
-3.7935
-3.4283
-3.3822
-3.3621
-3.6247
-3.4933
-3.5145
-3.169
-3.314
-1.8832
-3.0776
-1.2103
-3.8686
-3.1889
-3.3008
-3.1715
-3.6958
-3.484
-3.3319
-3.1676
-3.038
-2.7339
-3.0833
-2.3587
-2.7337
-3.5064
-3.1457
-3.3995
-3.2364
-3.9379
-3.1501
-3.0123
-3.5598
-3.3188
-3.6425
-3.2065
-3.2884
-3.0153
-3.2243
-2.683
-1.9991
-3.2672
-5.038
-3.9481
-2.6952
-3.0327
-3.7593
-1.276
-2.917
-3.165
-2.6128
-3.3604
-3.8469
-3.2563
-3.3275
-3.1176
-2.1426
-2.8
-3.2017
-3.2785
-3.2104
-3.0341
-3.6201
-3.3932
-3.8325
-3.3821
-3.5793
-3.519
-3.1375
-3.2621
-3.3339
-3.4813
-3.4004
-3.3203
-3.2802
-3.3365
-4.0696
-3.2404
-3.1465
-2.3942
-2.6666
-4.0233
-3.175
-3.1942
-2.8886
-3.822
-2.9212
-3.4076
-3.701
-3.5394
-3.1063
-3.6942
-2.6845
-3.3639
-3.2541
-3.7104
-3.2525
-2.3086
-3.1362
-0.82012
-3.2122
-3.4587
-3.0903
-3.4645
-3.0052
-3.1545
-3.492
-1.6656
-1.9113
-3.1717
-3.2588
-3.2419
-2.9431
-1.7303
-3.0595
-3.5542
-3.0984
-3.0387
-3.0944
-3.1242
-3.368
-3.2365
-3.5699
-3.5497
-3.106
-3.3265
-3.0276
-3.2191
-4.2079
-3.1948
-3.0153
-3.2005
-3.141
-3.3243
-3.6059
-2.9532
-2.9047
-3.3802
-1.6629
-3.252
-3.4906
-3.2812
-3.483
-1.8541
-2.823
-2.6555
-2.9156
-3.4047
-2.8824
-3.376
-3.1952
-2.1263
-2.5136
-3.4362
-3.2122
-3.6359
-3.1281
-3.8439
-2.9296
-3.6475
-2.9557
-2.8926
-3.3917
-3.1024
-3.552
-3.0634
-3.4198
-3.6051
-3.222
-3.4124
-3.9547
-3.0536
-2.6218
-3.3652
-3.4213
-3.9243
-2.9268
-3.0485
-3.5478
-3.2652
-3.4274
-2.6896
-2.9266
-3.1077
-3.0102
-3.1483
-3.6939
-3.1532
-3.324
-3.9957
-3.2848
-4.3006
-1.0196
-3.0494
-3.1455
-3.1273
-3.5104
-3.298
-3.4533
-2.7686
-3.172
-3.3066
-3.4184
-2.3678
-3.1427
-3.1203
-2.391
-3.5144
-3.1365
-3.207
-3.1816
-1.6537
-3.0041
-4.7629
-3.3474
-3.2671
-3.3907
-2.8099
-3.5305
-3.0442
-3.0423
-3.416
-3.0893
-2.5014
-2.9156
-3.1645
-3.4728
-3.0836
-2.756
-3.2725
-3.0999
-3.3517
-3.7933
-3.2368
-3.0807
-2.5402
-3.505
-3.3988
-3.2367
-3.2169
-3.4892
-3.0477
-3.277
-3.2076
-3.4111
-2.9652
-3.3052
-3.3202
-3.4813
-3.0096
-3.3863
-2.5488
-3.3512
-3.0602
-2.8665
-2.851
-3.5433
-3.0768
-3.3744
-3.0814
-3.2133
-2.9823
-3.1755
-3.1489
-3.4805
-3.2429
-3.1095
-1.7088
-3.2215
-2.7955
-3.3888
-3.2663
-1.7965
-3.5221
-3.6285
-3.6396
-3.6389
-3.171
-3.9445
-3.693
-3.406
-3.6228
-3.7824
0.64309
-3.6152
-3.1092
-3.1878
-2.092
-3.945
-3.0256
-3.0073
-2.8442
-4.0303
-3.3668
-3.9571
-3.4624
-3.3426
-3.5205
-3.2235
-3.1016
-3.0984
-3.2992
-3.3489
-3.4472
-2.3979
-2.9592
-3.684
-2.8949
-3.1772
-3.4312
-2.199
-2.3356
-3.3288
-3.1526
-4.0049
-1.5465
-3.4565
-3.4289
-4.0911
-3.5161
-3.13
-3.0742
-3.2684
-3.0586
-3.3606
-3.664
-3.2
-3.3481
-3.0657
0.62162
-3.6172
-4.4296
-3.2383
-1.7948
-3.7602
-3.0145
-2.6156
-2.8608
-2.9824
-3.1115
-0.68269
-3.3942
-0.50225
-3.1906
-3.7124
-3.6064
-2.9474
-3.7243
-3.322
-3.2436
-3.0256
-4.0132
-2.9036
-2.8634
-3.5285
-2.8839
-2.9848
-3.3758
-4.0974
-2.909
-3.0765
-3.2486
-3.1539
-3.6833
-3.1277
-3.3448
-3.2288
-3.3529
-3.0461
-2.8924
-3.5576
-3.1494
-3.3433
-3.5663
-2.9231
-3.733
-3.2996
-3.3451
-2.5498
-3.5312
-2.9251
-3.0952
-3.3149
-3.1588
-3.7861
-3.1195
-3.3867
-3.1507
-3.0273
-3.0914
-3.7428
-3.6083
-3.5848
-3.1222
-2.9204
-2.7968
-3.1416
-2.9774
-3.3599
-3.029
-3.7461
-3.0844
-2.8707
-3.2336
-3.0475
-4.621
-3.4122
-2.7328
-3.1259
-3.1694
-3.2
-3.6561
-3.2972
-3.2033
-2.9777
-4.1067
-1.0975
-4.2352
-3.0743
-2.7972
-2.9221
-3.3646
-3.85
-2.9926
-2.3854
-3.2813
-3.9046
-2.9701
-3.3879
-3.1783
-3.2084
-3.1515
-1.8512
-3.4745
-3.0019
-3.2272
-3.3535
-3.2266
-3.1173
-2.4415
-3.6133
-2.9018
-2.5078
-3.8482
-3.2617
-3.1742
-3.5775
-2.9451
-3.2272
-3.0292
-3.7117
-2.84
-3.2315
-3.2743
-0.9666
-3.267
-3.3494
-1.3952
-2.8786
-0.035846
-3.1839
-3.2867
-3.1376
-3.5817
-3.2597
-2.8589
-2.3583
-3.1567
-2.9158
-2.7898
-3.4644
-3.5635
-3.0463
-3.8017
-3.3516
-3.5184
-3.3059
-1.8515
-3.3585
-3.3325
-3.2707
-2.0586
-2.9053
-2.9535
-3.0962
-3.3552
-2.2348
-3.1245
-3.1773
-3.1263
-2.4959
-3.0058
-3.3782
-3.353
-2.3587
-3.3669
-1.7853
-3.9365
-3.4303
-2.9626
-3.8681
-3.3119
-3.2315
-3.2534
-3.3798
-3.1972
-3.0825
-3.1931
-3.0618
-3.2348
-3.6058
-1.427
-2.2716
-3.3729
0.63146
-3.0199
-2.6095
-3.5823
-3.0288
-2.9587
-3.8083
-1.5546
-4.201
-3.5695
-3.1806
-2.6414
-3.9217
-3.2744
-3.7505
-3.088
-3.559
-2.3483
-2.9498
-3.6322
-3.2317
-3.3326
-3.2893
-0.94796
-3.2384
-3.0607
-3.0005
-2.3355
-3.4136
-2.9147
-2.98
-5.2082
-3.388
-3.3189
-2.0811
-3.5047
-3.3683
-3.2111
-3.2733
-3.4532
-3.3772
-3.0168
-3.68
-3.1749
-2.7903
-3.9048
-3.3167
-3.2597
-3.6935
-3.6928
-3.0893
-3.2917
-3.0565
-3.2341
-2.5739
-2.8475
-3.5255
-3.2991
-3.0579
-3.0495
-3.07
-3.7854
-3.4458
-2.9004
-3.0072
-3.1461
-3.2639
-3.4344
-3.3298
-1.4366
-3.2848
-2.0977
-3.6467
-3.47
-3.2334
-4.1847
-3.1942
-3.1029
-3.7617
-3.2595
-3.2431
-3.4808
-3.2292
-2.7733
-2.5447
-3.2457
-4.1945
-3.1984
-3.5329
-3.1136
-2.9215
-3.1373
-2.4391
-3.5459
-3.5438
-3.2261
-3.093
-3.2344
-3.3634
-3.0549
-3.2159
-2.9697
-3.1219
-2.9201
-3.1851
-0.68065
-3.1701
-3.6561
-3.2898
-3.2272
-3.1935
-3.2999
-3.0229
-3.2348
-3.4344
-2.7518
-2.9314
-3.2981
-3.4798
-3.8166
-3.2904
-3.1923
-3.3668
-2.0314
-3.0183
-3.7154
-3.3988
-3.1532
-3.2567
-3.3821
-3.104
-3.2018
-2.3573
-3.2788
-3.5241
-3.4724
-2.9278
-4.5067
-3.3556
-2.871
-3.1891
-2.9416
-3.025
-3.3264
-3.706
-3.3452
-3.4229
-2.4581
-3.1062
-3.2706
-3.1485
-3.333
-3.2655
-3.1235
-2.5874
-3.1613
-3.1932
-3.2701
-3.0295
-3.1155
-3.2613
-3.1408
-3.2847
-3.3304
-2.1717
-2.6331
-4.1024
-3.4946
-2.5703
-3.7691
-2.8615
-3.0403
-3.6457
-3.3367
-2.0162
-2.3883
-3.7431
-3.6807
-3.077
-2.9473
-3.324
-3.6935
-3.2534
-3.0638
-2.5801
-2.3478
-3.2902
-3.4211
-3.1444
-3.1367
-1.4811
-3.3138
-2.957
-3.2137
-3.2777
-3.211
-2.921
-3.1201
-3.2859
-3.417
-1.8081
-3.4796
-2.9171
-2.951
-2.9809
-3.2113
-4.4598
-3.2577
-3.4712
-2.1485
-3.2435
-3.1405
-3.3826
-2.1561
-3.1364
-3.3762
-3.768
-3.2552
-2.9763
-3.1748
-3.1664
-3.3954
-3.4008
-3.2393
-3.7867
-3.13
-2.7439
-2.958
-3.3277
-2.8364
-1.9352
-2.9149
-3.4273
-3.1349
-3.0524
-3.2526
-3.0935
-2.973
-2.9906
-3.1017
-3.8399
-2.8559
-3.2458
-3.3086
-2.3256
-2.8545
-3.083
-3.072
-3.1587
-3.3238
-4.1232
-4.3074
-3.5436
-3.1113
-2.2819
-3.3133
-3.6443
-3.1068
-3.235
-3.3432
-3.0752
-3.2305
-3.0528
-3.8893
-3.0128
-3.2272
-2.8956
-2.9109
-3.4759
-3.5933
-3.203
-2.9894
-3.4945
-2.9267
-3.1971
-2.4071
-3.2785
-2.7155
-3.5282
-3.8341
-2.6631
-3.2106
-3.2377
-2.298
-2.6729
-3.298
-2.7765
-3.1142
-3.1294
-3.4486
-3.366
-3.4135
-3.0648
-3.1457
-3.049
-3.2301
-2.9375
-4.1028
-3.4985
-3.5639
-4.7852
-3.2333
-3.3837
-3.213
-2.946
-3.3119
-3.9252
-3.1297
-4.5437
-3.2557
-3.336
-3.7598
-3.4323
-3.2757
-3.323
-3.4853
-3.5261
-3.2654
-3.2333
-3.3617
-3.228
-3.2284
-3.7108
-3.9284
-3.3436
-2.8954
-2.9028
-3.0637
-4.2695
-3.393
-3.3218
-3.1326
-2.5592
-3.1353
-3.0605
-2.7449
-2.7701
-2.7571
-3.8244
-3.4998
-2.4094
-3.2977
-3.3284
-3.594
-3.9025
-3.1666
-2.9744
-2.713
-3.0315
-3.1615
-3.3201
-3.3838
-3.4886
-3.8645
-3.1218
-2.4617
-3.4961
-3.7305
-3.3061
-2.5642
-2.9362
-3.5206
-3.2341
-3.2249
-3.3022
-3.2597
-3.8819
-3.7442
-3.4274
-3.064
-3.2899
-3.2671
-2.9606
-2.4616
-1.2591
-3.3548
-3.2301
-4.6755
-3.0035
-3.4771
-3.0172
-3.5712
-2.8182
-2.1568
-2.928
-2.6197
-3.1336
-2.7846
-3.907
-3.3448
-2.7981
-3.0587
-3.6415
-3.3661
-3.1558
-3.5018
-3.2746
-3.6232
-3.7697
-3.1673
-3.0784
-2.4735
-3.5864
-3.5109
-3.2983
-3.997
-2.81
-2.2381
-3.4139
-3.2753
-3.1055
-4.0028
-3.0926
-3.6086
-3.3393
-3.1889
-3.1134
-2.8446
-3.0896
-3.0792
-3.6688
-2.0987
-3.3223
-3.2561
-2.3982
-1.019
-3.0526
-3.1637
-2.8107
-3.4846
-3.0275
-3.0092
-3.2095
-3.8072
-3.4183
-3.5265
-2.8481
-3.1756
-2.8716
-3.2879
-3.3634
-2.7703
-3.2991
-3.3819
-2.9678
-3.0739
-3.2456
-2.9114
-3.2684
-2.9699
-1.1132
-2.8114
-3.4085
-2.7053
-3.6422
-3.2792
-3.9328
-3.6192
-0.94023
-3.2585
-3.5658
-3.092
-3.093
-3.3819
-3.4758
-3.228
-3.2845
-3.4185
-3.6626
-3.1676
-2.1737
-3.0365
-3.0213
-3.224
-4.287
-3.4318
-3.2549
-4.3005
-3.1517
-3.0601
-3.1376
-3.7063
-3.022
-3.4317
-2.8877
-3.1098
-3.6138
-3.1276
-2.968
-4.4566
-3.3441
-3.2474
-4.2178
-3.4554
-2.9829
-3.2556
-3.257
-3.2544
-1.9335
-3.3204
-2.8185
-1.8986
-2.9773
-3.2684
-3.0075
-3.1727
-3.1184
-3.0722
-3.5496
-3.0846
-3.1085
-3.8452
-2.9377
-3.4971
-3.1368
-3.1147
-3.0742
-3.7782
-3.6203
-3.4447
-3.09
-2.9648
-2.6116
-3.0525
-3.3491
-3.0788
-0.63302
-3.0742
-3.3332
-3.1512
-3.4078
-3.54
-3.2507
-3.4317
-3.0889
-2.7016
-3.3701
-3.264
-2.9311
-3.1021
-3.3121
-3.0399
-3.5601
-3.2529
-4.1895
-3.0807
-1.0184
-3.4926
-3.0628
-3.1695
-3.2573
-2.7713
-3.2579
-3.1
-3.0058
-3.2438
-3.1349
-3.8587
-3.1991
-3.3081
-3.2028
-3.2221
-2.5742
-3.1705
-3.2139
-3.8584
-3.3185
-3.2831
-2.8355
-2.9654
-3.1474
-4.3076
-4.337
-3.432
-3.3361
-3.3647
-3.606
-3.7628
-3.008
-4.0067
-0.75515
-3.1828
-3.6353
-3.1025
-3.6135
-2.9924
-2.981
-2.6285
-3.5817
-3.3236
-3.3846
-3.1749
-3.2325
-2.4468
-3.7863
-3.3113
-3.898
-3.2059
-1.9886
-3.2945
-3.2631
-3.2333
-3.1118
-3.1381
-3.98
-4.6574
-3.3736
-2.993
-2.661
-4.4606
-3.2946
-3.2622
-3.3979
-2.9497
-3.4528
-3.6604
-4.1893
-3.3634
-3.2463
-3.1943
-2.5499
-3.5932
-3.2763
-3.2263
-2.8954
-3.2425
-3.2901
-2.9527
-3.5702
-2.6875
-3.4427
-3.3537
-4.1521
-3.1038
-3.2112
-3.0577
-3.2038
-2.9707
-2.7916
-3.2059
-3.6631
-3.8226
-3.1008
-3.4011
-3.1779
-2.6189
-2.9815
-3.0957
-3.6002
-3.3858
-2.3266
-3.3249
-2.9323
-3.5436
-2.2899
-3.1172
-3.7553
-3.4256
-3.3075
-3.5111
-3.0281
-3.2106
-3.3202
-3.0733
-2.913
-3.3543
-3.1939
-3.3235
-2.7181
-3.2075
-3.3477
-3.6969
-3.2245
-4.2263
-3.5661
-3.2856
-2.9996
-3.3238
-2.8328
-3.3722
-2.9768
-3.3193
-3.3622
-3.3791
-3.1274
-2.5021
-3.2203
-3.0959
-3.3947
-2.9876
-2.9675
-3.3149
-3.8102
-2.8992
-3.3838
-3.0322
-3.2904
-2.9467
-3.2662
-3.062
-3.4005
-3.2475
-3.1985
-3.1033
-3.098
-3.3317
-3.2064
-3.4151
-3.2066
-3.7172
-3.0393
-3.5544
-2.7408
-3.694
-2.7707
-3.0526
-3.0691
-2.9075
-4.3128
-3.3757
-2.8308
-2.6762
-3.0526
-3.6022
-3.2746
-3.4103
-2.3376
-3.2577
-1.7291
-2.7998
-3.568
-3.0082
-3.608
-3.2877
-3.3564
-3.1862
-2.7619
-3.2439
-3.0093
-3.4349
-3.1181
-3.0408
-4.4855
-2.4042
-1.4956
-3.3555
-2.6503
-3.1318
-1.5137
-3.2904
-3.2137
-3.4996
-3.2618
-3.2538
-3.431
-2.8873
-2.9783
-3.2759
-2.6284
-1.953
-2.7744
-2.632
-3.2938
-3.2221
-3.1413
-3.227
-1.0066
-3.4123
-3.4351
0.23405
-3.068
-2.9896
-3.2931
-3.5175
-3.5219
-3.2126
-3.2256
-3.1473
-3.0912
-3.1798
-2.9572
-3.6939
-3.377
-3.4751
-3.2621
-3.321
-3.8684
-3.3541
-3.5783
-2.9542
-2.8696
-2.3109
-3.2114
-2.9816
-3.3222
-3.0399
-3.3561
-3.1464
-3.2815
-3.4878
-2.9805
-3.0856
-3.89
-3.0262
-0.85838
-3.3713
-3.1488
-1.5919
-3.3823
-3.221
-3.1611
-3.3797
-3.7052
-3.1473
-2.381
-2.5439
-3.1155
-3.3023
-3.6267
-2.2788
-3.1709
-3.3363
-3.1357
-2.9288
-3.1633
-2.5446
-3.7718
-2.4578
-3.4977
-3.3844
-4.768
-3.4596
-3.6493
-2.97
-3.1258
-2.6532
-3.4908
-2.8586
-3.2819
-3.0233
-2.7423
-2.2776
-3.4143
-3.1628
-3.418
-3.3187
-4.0258
-3.44
-2.186
-3.1586
-3.191
-3.1059
-3.262
-3.0013
-2.2404
-3.7666
-3.4269
-1.7909
-4.0535
-3.2567
-3.0769
-3.2402
-3.2996
-3.011
-2.9935
-3.315
-4.7533
-3.0018
-2.4568
-3.4279
-3.4409
-3.2002
-2.1082
-3.079
-3.0022
-3.0838
-1.9099
-3.0317
-3.3319
-2.2727
-3.003
-3.2912
-2.677
-3.4758
-3.2318
-3.1265
-3.157
-3.4132
-3.3832
-1.8814
-3.2436
-2.5248
-2.8955
-3.1075
-3.1737
-4.0489
-3.4634
-3.6043
-3.3061
-3.5609
-3.2146
-2.6047
-1.8606
-3.0364
-3.7532
-2.3427
-2.7795
-3.1725
-3.1772
-3.24
-2.7747
-2.9877
-3.0714
-3.3712
-2.7452
-2.9915
-3.3024
-2.4871
-3.0818
-3.1315
-3.0433
-2.9735
-1.7099
-3.232
-3.1844
-3.3095
-2.8343
-3.1693
-3.2251
-3.2399
-3.1626
-2.9927
-3.1068
-3.048
-3.0109
-4.0615
-3.2111
-2.5209
-3.3363
-3.6433
-3.2831
-0.92234
-3.0246
-2.6227
-3.9633
-3.0736
-0.48271
-3.2719
-3.1713
-3.114
-3.2456
-2.9533
-3.0079
-3.7608
-3.9907
-2.819
-3.2866
-3.2907
-3.867
-2.5414
-3.1898
-2.6752
-3.1817
-3.1898
-2.9274
-1.809
-3.4229
-3.1394
-2.2129
-3.1433
-3.4656
-4.1366
-3.2155
-3.1659
-3.3606
-2.7424
-3.3469
-0.55462
0.028072
-3.3785
