-0.088392
-0.13512
-0.1534
-0.19677
-0.19964
-0.17612
-0.12544
-0.11922
-0.1165
-0.084639
-0.076965
-0.079464
-0.063122
-0.095973
-0.11648
-0.066918
-0.01199
-0.022511
-0.028481
0.030229
0.030915
0.03188
0.031222
0.0045844
0.15085
0.1079
0.055095
0.057738
0.057471
0.055322
0.067813
0.05887
0.060211
0.050543
0.0010752
-0.031246
-0.052052
-0.076637
-0.093214
-0.066753
-0.022098
-0.036364
-0.036505
-0.038842
-0.054859
-0.035314
-0.0067523
0.002388
-0.20677
-0.19404
-0.15998
-0.11026
-0.066096
-0.063369
-0.041971
-0.023862
-0.0063329
-0.0027046
-0.0094858
0.020568
0.039081
0.051554
0.066676
0.056022
0.0019088
-0.0047421
0.031913
0.042059
0.037261
0.025195
0.016495
0.017326
-0.16521
-0.21405
-0.22266
-0.2329
-0.19541
-0.14555
-0.079169
-0.056634
-0.048437
-0.024268
-0.03544
-0.03767
-0.013023
-0.058066
-0.074534
-0.0068202
0.047679
0.031577
0.026478
0.078471
0.072004
0.061984
0.071012
0.057127
0.15063
0.10472
0.063493
0.071423
0.083229
0.073782
0.091939
0.091826
0.097606
0.088826
0.03959
0.026611
0.013859
-0.0057812
-0.013582
0.00045448
0.0064352
-0.0072512
0.0091218
0.018228
0.006929
0.016967
0.029251
0.033065
-0.00080151
-0.018095
-0.018375
-0.027789
-0.029037
-0.049485
-0.059585
-0.045923
-0.046148
-0.030259
-0.010353
0.014839
0.034679
0.056138
0.071995
0.040639
-0.020263
-0.020518
0.013334
0.036554
0.03828
0.030237
0.0018062
-0.011066
-0.062512
-0.13445
-0.15842
-0.18242
-0.15598
-0.1327
-0.065266
-0.0539
-0.045695
-0.031775
-0.05234
-0.059814
-0.040763
-0.08667
-0.10452
-0.053113
-0.0065663
-0.023741
-0.0090685
0.054992
0.05324
0.052403
0.059261
0.040268
0.22115
0.15421
0.091096
0.067107
0.065488
0.041668
0.041306
0.03576
0.032797
0.03334
0.0058233
0.0032736
-0.0041897
-0.0026715
-0.0040305
-0.023448
-0.051591
-0.059068
-0.024605
0.0008445
-0.0017133
0.005118
0.0035799
-0.0074444
0.028582
0.024127
0.017239
-0.014677
-0.036098
-0.049461
-0.067273
-0.068219
-0.07197
-0.054796
-0.02699
-0.0099105
0.0057855
0.022837
0.03519
0.013114
-0.027973
-0.023982
-0.0059655
0.0031643
0.0031705
-0.00039802
-0.029866
-0.04511
0.032959
-0.044959
-0.085783
-0.13041
-0.12226
-0.11194
-0.062431
-0.053638
-0.051697
-0.024872
-0.048252
-0.055027
-0.044909
-0.089596
-0.11451
-0.066058
-0.033294
-0.052274
-0.036697
0.037498
0.03986
0.040442
0.04354
0.014344
0.27648
0.20154
0.11879
0.061853
0.027347
-0.014234
-0.03139
-0.037567
-0.047287
-0.033256
-0.039801
-0.042803
-0.043736
-0.037409
-0.040426
-0.059582
-0.091732
-0.09334
-0.058099
-0.029414
-0.037289
-0.022944
-0.043617
-0.057895
-0.097917
-0.060768
-0.050642
-0.047727
-0.046085
-0.040429
-0.041977
-0.047766
-0.041966
-0.041309
-0.021607
-0.016583
-0.0040666
-0.0011858
0.01111
0.012015
0.0039494
0.0099934
0.0087278
-0.0040278
-0.0046072
-0.011111
-0.03241
-0.028133
0.030235
-0.06877
-0.12534
-0.17801
-0.16554
-0.15199
-0.1003
-0.083652
-0.083289
-0.054816
-0.071682
-0.072588
-0.052913
-0.088486
-0.10543
-0.0649
-0.040406
-0.060194
-0.031224
0.048323
0.039951
0.041222
0.038609
0.011506
0.14013
0.10977
0.060095
0.028693
0.01372
0.0013505
-0.0037301
-0.010477
-0.009704
-0.0019374
-0.013961
-0.019986
-0.013733
-0.016062
-0.012839
-0.019092
-0.034895
-0.04793
-0.019917
-0.011022
-0.024502
-0.01915
-0.037361
-0.039965
-0.15496
-0.073145
-0.047679
-0.018229
-0.0046467
0.012984
0.014976
0.00051169
0.017345
0.0004579
0.0065258
0.010751
0.010885
-0.0025237
0.0035488
0.025193
0.053511
0.054746
0.036368
0.0069579
0.0067897
-0.0054076
-0.0070272
0.0058151
0.06793
-0.04159
-0.11588
-0.16953
-0.16505
-0.15775
-0.1004
-0.090983
-0.086038
-0.05641
-0.081715
-0.090911
-0.066841
-0.107
-0.1225
-0.079644
-0.050093
-0.073248
-0.040389
0.039715
0.029557
0.032341
0.024343
-0.00067798
0.00070359
0.010312
-0.015857
0.0013202
0.011542
0.017337
0.029453
0.02054
0.032136
0.025071
0.0045921
0.0032988
0.0087392
-0.0030293
0.0067204
0.016676
0.011416
0.0038811
0.025114
0.019652
0.0075023
0.0020497
-0.013888
-0.0056596
-0.12283
-0.024717
-0.0099311
0.013901
0.025879
0.040385
0.022901
0.0087766
0.019893
-0.00050843
0.010265
0.011552
0.0059089
0.0006539
-0.00018127
0.011013
0.041478
0.050361
0.022699
-0.0089195
-0.0020712
-0.020328
-0.011485
-0.0017316
0.058735
-0.024977
-0.083522
-0.13432
-0.12496
-0.11711
-0.055453
-0.058192
-0.050027
-0.026823
-0.064602
-0.076349
-0.055959
-0.10452
-0.12033
-0.074995
-0.049609
-0.075427
-0.043883
0.03088
0.020327
0.025854
0.018376
-0.0092956
0.056108
0.10643
0.065436
0.068495
0.062458
0.052956
0.036495
0.013094
0.028586
0.010976
-0.0047882
-0.0072974
-0.0096619
-0.022438
-0.019217
-0.005142
0.0053962
0.002329
0.0067374
-0.0041584
-0.0097188
-0.018271
-0.02805
-0.022189
-0.00024994
0.070806
0.06266
0.046386
0.028137
0.025082
-0.022096
-0.034214
-0.040606
-0.046327
-0.013812
-0.0096924
-0.017281
0.0019237
-0.0037534
-0.015007
0.00040991
0.016424
-0.017423
-0.033898
-0.03243
-0.048062
-0.042317
-0.043768
0.0071417
-0.06587
-0.13433
-0.15942
-0.14053
-0.12096
-0.061959
-0.058039
-0.041906
-0.022529
-0.059405
-0.062071
-0.045556
-0.092814
-0.10121
-0.049825
-0.023142
-0.044311
-0.0067165
0.05812
0.051961
0.047983
0.034444
0.01374
0.078716
0.15315
0.10028
0.075117
0.054994
0.043531
-0.0037127
-0.033505
-0.023025
-0.039621
-0.029102
-0.031037
-0.038087
-0.030705
-0.032978
-0.037754
-0.024182
-0.012679
-0.026309
-0.04401
-0.050563
-0.066791
-0.071948
-0.071476
0.066631
0.12001
0.12005
0.075195
0.033005
0.022413
-0.031255
-0.037398
-0.053932
-0.043562
-0.0021577
0.0032399
0.011813
0.035241
0.030066
-0.00090592
-0.0078288
0.0077829
-0.02909
-0.043974
-0.041753
-0.048184
-0.047345
-0.060259
0.10633
0.040588
-0.059166
-0.11757
-0.12102
-0.12561
-0.091726
-0.099637
-0.091301
-0.073332
-0.10183
-0.10585
-0.089634
-0.12989
-0.14513
-0.093928
-0.055912
-0.073625
-0.046076
0.020451
0.010368
0.0067649
-0.0019986
-0.025034
0.10216
0.18311
0.12509
0.082625
0.043527
0.036585
-0.02712
-0.048755
-0.05476
-0.052355
-0.021952
-0.019616
-0.019551
0.0047166
0.00327
-0.016749
-0.012193
0.0011757
-0.024858
-0.048976
-0.055515
-0.079132
-0.088793
-0.094806
-0.0087626
0.022028
0.056796
0.041028
0.0079689
0.011106
-0.01643
-0.018107
-0.030722
-0.015365
0.014846
0.033026
0.047421
0.071966
0.08296
0.046554
0.012197
0.014711
-0.0028788
-0.025002
-0.027571
-0.022071
-0.018784
-0.032286
0.10925
0.069901
-0.030025
-0.10197
-0.11815
-0.12084
-0.1039
-0.11871
-0.1094
-0.093559
-0.1118
-0.12143
-0.10534
-0.13751
-0.15377
-0.12193
-0.082876
-0.096658
-0.076723
-0.016997
-0.029911
-0.039188
-0.057319
-0.081175
0.10889
0.21084
0.18709
0.13762
0.08804
0.071991
0.0031174
-0.022649
-0.029257
-0.027264
0.0081358
0.016845
0.034372
0.059173
0.062597
0.028935
0.0070275
0.02384
-0.012705
-0.046417
-0.055984
-0.065542
-0.076206
-0.087758
-0.033802
-0.031082
0.028925
0.042319
0.027334
0.021668
0.022732
0.022497
0.017071
0.027293
0.040715
0.05669
0.076872
0.086386
0.10515
0.081255
0.046269
0.030996
0.025455
-0.0036094
-0.0073108
0.0099508
0.0099819
0.0019228
0.098617
0.083673
-0.01058
-0.081137
-0.097028
-0.089009
-0.078723
-0.092178
-0.082183
-0.065829
-0.077149
-0.078538
-0.056491
-0.085224
-0.097329
-0.067469
-0.042408
-0.053532
-0.043544
0.0055231
-0.014166
-0.027597
-0.045937
-0.078705
0.023058
0.12704
0.13454
0.11621
0.072196
0.059596
0.0018517
-0.027879
-0.0286
-0.026737
0.0085022
0.030384
0.05087
0.081605
0.10143
0.058666
0.016245
0.01907
-0.0046051
-0.052996
-0.057552
-0.06054
-0.064825
-0.080658
-0.041908
-0.069061
-0.0035426
0.034691
0.039061
0.029772
0.050345
0.04779
0.058143
0.061704
0.059637
0.066168
0.071992
0.071956
0.080231
0.08316
0.059762
0.038569
0.034551
0.012322
0.007121
0.019884
0.024718
0.0236
